MCRX Optimization Error Report
========================================

Timestamp: 20250609_164704
Fidelity: 0.9988199097
Amplitudes match: False
Tolerance: 1e-10

Optimization Info:
  original_patterns: ['10111111 (qubits: [0, 1, 2, 3, 4, 5, 6, 7])', '11101010 (qubits: [0, 1, 2, 3, 4, 5, 6, 7])']
  original_boolean_expr: (x0 & x2 & x3 & x4 & x5 & x6 & x7 & ~x1) | (x0 & x1 & x2 & x4 & x6 & ~x3 & ~x5 & ~x7)
  simplified_boolean_expr: x0 & x2 & x4 & x6 & (x1 | x3) & (x5 | ~x7) & (x7 | ~x3) & (~x1 | ~x5)
  expression_analysis: {'expression': x0 & x2 & x4 & x6 & (x1 | x3) & (x5 | ~x7) & (x7 | ~x3) & (~x1 | ~x5), 'simplified_str': 'x0 & x2 & x4 & x6 & (x1 | x3) & (x5 | ~x7) & (x7 | ~x3) & (~x1 | ~x5)', 'is_constant': False, 'is_single_variable': False, 'is_negated_variable': False, 'is_simplified': False, 'num_variables': 8, 'total_operations': 15}
  xor_pairs: [('10111111', '11101010', [1, 3]), ('10111111', '11101010', [5, 7])]
  has_different_control_sets: False
  gate_reduction: -5
  optimization_method: multiple_CX_tricks
  uses_cnot_tricks: True
  optimization_blocked_reason: None

State Comparison Results:
  fidelity: 0.9988199097447163
  amplitudes_match: False
  max_amplitude_diff: 0.017243711205183854
  mismatched_indices: [93, 247, 349, 503]
  amplitude_differences: [3.26134991e-16 3.81699922e-16 2.98376864e-16 3.47492241e-16
 3.75962814e-16 4.02543316e-16 3.81963421e-16 3.82293993e-16
 4.37227875e-16 4.23401802e-16 3.40252389e-16 4.85740234e-16
 4.47882648e-16 4.23301709e-16 4.52986801e-16 4.09435583e-16
 4.37359207e-16 3.95678680e-16 3.67763576e-16 4.02478007e-16
 4.92928585e-16 4.30333623e-16 4.25759122e-16 4.79625930e-16
 4.09467801e-16 4.09395301e-16 3.46965244e-16 4.23288649e-16
 4.65767772e-16 4.88275135e-16 4.38451103e-16 4.09816265e-16
 3.46966459e-16 4.44346671e-16 4.78895306e-16 4.16333709e-16
 4.86100759e-16 4.58187179e-16 4.87038344e-16 4.65073934e-16
 3.12252265e-16 3.74701138e-16 3.88584786e-16 3.74803896e-16
 4.30861022e-16 3.88700697e-16 4.30785196e-16 4.30211423e-16
 3.74733044e-16 4.51657988e-16 4.51093067e-16 4.30331238e-16
 4.44923045e-16 4.71845144e-16 4.44882640e-16 4.52326412e-16
 3.81955596e-16 4.09395067e-16 4.16590120e-16 4.37163104e-16
 4.30596222e-16 4.58726872e-16 4.39922571e-16 4.23317067e-16
 4.72833908e-16 4.55168775e-16 4.19533321e-16 4.32667145e-16
 4.78957873e-16 4.71846625e-16 4.83252910e-16 5.00228448e-16
 4.81671353e-16 4.24145935e-16 3.88932729e-16 4.52262680e-16
 4.82043810e-16 4.72500954e-16 4.78899945e-16 4.67335819e-16
 4.44102707e-16 4.02722046e-16 3.47571216e-16 4.16388318e-16
 4.18464531e-16 4.51495619e-16 4.32106653e-16 4.19214870e-16
 4.02569826e-16 4.10241061e-16 3.74724227e-16 3.75073158e-16
 4.10034963e-16 1.72437112e-02 4.88344088e-16 4.71850323e-16
 3.98821930e-16 4.58525263e-16 4.52051638e-16 4.58029530e-16
 4.73149172e-16 4.40247573e-16 4.77457882e-16 4.66016294e-16
 4.20118558e-16 4.24467220e-16 4.60009378e-16 4.72530679e-16
 4.53187564e-16 4.58362647e-16 4.58216965e-16 4.38671589e-16
 3.60822663e-16 4.79106660e-16 4.85738732e-16 4.30247391e-16
 4.51663443e-16 4.51107492e-16 4.81095782e-16 4.30247921e-16
 3.74766594e-16 4.09612697e-16 4.72643858e-16 4.78801638e-16
 4.30369083e-16 4.86033445e-16 4.65692047e-16 4.23359496e-16
 3.47060283e-16 3.67774455e-16 2.98733734e-16 3.40070361e-16
 4.18620701e-16 3.81813925e-16 4.04190757e-16 3.74755272e-16
 4.51113303e-16 4.51113035e-16 3.88774813e-16 4.44346959e-16
 4.73180918e-16 4.44089219e-16 4.24094288e-16 4.51092906e-16
 3.95728719e-16 4.23437200e-16 3.61193499e-16 3.95518737e-16
 4.37548304e-16 4.23285730e-16 4.58613530e-16 4.72374263e-16
 4.30300976e-16 4.23274782e-16 3.33089848e-16 4.37163816e-16
 4.66271020e-16 4.44181916e-16 4.79103914e-16 4.78827859e-16
 3.47213047e-16 4.30265642e-16 4.44161417e-16 3.82191950e-16
 4.58337013e-16 4.16453516e-16 4.66625751e-16 4.09412210e-16
 3.19202431e-16 3.33066980e-16 3.68170276e-16 3.74758469e-16
 4.03154461e-16 3.74715734e-16 3.61231447e-16 3.81798093e-16
 3.46945247e-16 4.30482068e-16 4.09411610e-16 4.23273019e-16
 4.51568000e-16 4.51250379e-16 4.37599528e-16 4.93302118e-16
 3.88826845e-16 4.30454447e-16 3.88784185e-16 4.37152730e-16
 4.51319924e-16 4.64969950e-16 4.30532784e-16 4.44442324e-16
 4.94145667e-16 4.37259929e-16 3.95740393e-16 4.51177307e-16
 4.72082691e-16 4.58474541e-16 4.75863315e-16 4.65051199e-16
 4.44858512e-16 4.74407245e-16 3.95672174e-16 4.88184746e-16
 4.52511746e-16 4.31038024e-16 5.06578349e-16 4.45114266e-16
 4.57970480e-16 4.23314349e-16 3.81642113e-16 4.16338114e-16
 4.80047013e-16 4.64947320e-16 4.65476463e-16 4.44089342e-16
 4.44190513e-16 3.95546916e-16 4.09461940e-16 4.64960679e-16
 4.44821695e-16 4.93117821e-16 4.81390153e-16 4.79245238e-16
 4.11109423e-16 4.57989878e-16 4.45775178e-16 4.25864610e-16
 4.51596857e-16 4.73493481e-16 4.70810823e-16 4.39076245e-16
 4.04442318e-16 4.38226413e-16 4.51888640e-16 4.38475272e-16
 4.90485119e-16 5.08608682e-16 4.85730334e-16 4.92750399e-16
 3.60825437e-16 3.95790011e-16 4.17279158e-16 4.10582670e-16
 4.73047832e-16 4.72476567e-16 4.74512220e-16 1.72437112e-02
 3.40481878e-16 3.60846389e-16 4.58145599e-16 3.81776309e-16
 4.09593904e-16 4.56545472e-16 4.51840982e-16 4.44118055e-16
 4.10075899e-16 3.95770702e-16 3.12506965e-16 3.61079431e-16
 4.02462612e-16 4.57967039e-16 4.10217629e-16 3.95826831e-16
 4.65334924e-16 3.81721701e-16 4.09395098e-16 5.27904985e-16
 4.72969752e-16 4.92715490e-16 4.64917645e-16 4.51028240e-16
 4.65138134e-16 4.23290978e-16 4.09460081e-16 3.75016715e-16
 4.78844617e-16 4.85743094e-16 4.38550006e-16 4.38297701e-16
 4.37155256e-16 4.23327319e-16 4.16340306e-16 4.51455533e-16
 4.66550817e-16 5.02965265e-16 4.37223316e-16 4.09573016e-16
 4.16348125e-16 4.58063634e-16 4.92680939e-16 4.16394353e-16
 5.13791604e-16 5.27510846e-16 5.14241488e-16 4.65094905e-16
 3.53916255e-16 4.44207100e-16 4.57980472e-16 3.74935053e-16
 4.58741250e-16 4.02683637e-16 4.58393665e-16 4.57981539e-16
 4.58071065e-16 4.65404638e-16 4.78791570e-16 4.44144671e-16
 4.71852476e-16 4.85753574e-16 4.85857923e-16 4.92761172e-16
 4.23869137e-16 4.51049460e-16 4.86029720e-16 4.64928356e-16
 4.45247264e-16 4.72055002e-16 4.51052197e-16 4.51267993e-16
 4.72552744e-16 4.65272859e-16 4.30767579e-16 4.32531385e-16
 4.93029621e-16 4.58024681e-16 4.69695469e-16 4.71878091e-16
 4.60578225e-16 4.10814618e-16 4.44092831e-16 4.82209384e-16
 4.94462351e-16 4.46009727e-16 4.51383634e-16 4.79362501e-16
 4.03345085e-16 4.58917330e-16 3.88812012e-16 4.16337707e-16
 4.02480288e-16 4.38937006e-16 4.46664085e-16 4.44630980e-16
 4.44176799e-16 4.23346959e-16 3.88982347e-16 4.30221233e-16
 4.09468304e-16 1.72437112e-02 4.59235174e-16 4.58068566e-16
 4.51104563e-16 4.44124429e-16 4.78889695e-16 4.57974733e-16
 4.58355302e-16 4.37340071e-16 4.74990254e-16 4.92677210e-16
 4.16364447e-16 4.23289122e-16 4.99714337e-16 4.58065614e-16
 4.64907433e-16 4.85732079e-16 4.85723254e-16 4.51045641e-16
 4.44144365e-16 4.78962223e-16 4.99808927e-16 4.44089576e-16
 4.23283846e-16 4.37325863e-16 4.94702163e-16 4.44394715e-16
 4.30279776e-16 4.38233869e-16 5.55803517e-16 5.06549444e-16
 4.16464291e-16 4.86214749e-16 4.51136197e-16 4.23274322e-16
 4.30411524e-16 3.81721713e-16 3.54020502e-16 3.95538965e-16
 4.58039094e-16 4.09641228e-16 4.17507211e-16 4.30220150e-16
 4.78789073e-16 4.51029349e-16 4.44223913e-16 4.72142349e-16
 5.14979178e-16 4.44148676e-16 4.64909594e-16 5.06596956e-16
 4.78993352e-16 4.37270969e-16 3.88583374e-16 4.09927426e-16
 4.37158726e-16 4.64914264e-16 4.44153370e-16 4.86016243e-16
 4.71882187e-16 4.37257002e-16 4.16333697e-16 4.79017465e-16
 4.79839321e-16 4.71845038e-16 4.65111682e-16 4.92695161e-16
 4.02500239e-16 4.57999257e-16 4.71854983e-16 3.67790171e-16
 4.85747216e-16 4.44193705e-16 5.06889950e-16 4.51071203e-16
 3.46986226e-16 3.88578121e-16 4.09698438e-16 4.16372134e-16
 4.31547205e-16 4.02691304e-16 3.89137784e-16 4.23274235e-16
 4.30442802e-16 4.58314991e-16 4.64912172e-16 4.23754658e-16
 4.37322255e-16 4.65024039e-16 4.25185003e-16 5.21674477e-16
 4.02655563e-16 4.30729030e-16 4.30289456e-16 4.37850894e-16
 4.52221952e-16 4.51065075e-16 4.16465979e-16 4.72096227e-16
 5.20450356e-16 4.37235086e-16 4.09915528e-16 4.65198913e-16
 4.57975070e-16 4.58061429e-16 4.71844939e-16 4.78849589e-16
 4.44120813e-16 4.44756637e-16 4.23529863e-16 4.72207172e-16
 4.65107081e-16 4.16934919e-16 5.06574469e-16 4.72059751e-16
 5.13521760e-16 4.37391943e-16 4.37150402e-16 4.57999168e-16
 4.92672000e-16 4.64911982e-16 4.52864761e-16 4.72085132e-16
 4.57996900e-16 3.96205254e-16 4.65008221e-16 4.65440492e-16
 4.31234120e-16 4.79988577e-16 4.92853541e-16 4.65173308e-16
 4.10401560e-16 4.86209335e-16 4.87773014e-16 4.12145238e-16
 4.55782389e-16 4.72825611e-16 4.55245575e-16 4.51729232e-16
 4.44935469e-16 4.39018041e-16 4.52871256e-16 4.64928866e-16
 4.89799515e-16 5.07000892e-16 4.59888692e-16 4.66395873e-16
 4.03116678e-16 4.09863937e-16 4.58505584e-16 4.51147012e-16
 4.16434896e-16 4.57974155e-16 4.72005480e-16 1.72437112e-02
 3.95538000e-16 4.02898131e-16 4.30481436e-16 4.51125921e-16
 4.23600572e-16 4.97475625e-16 4.51514763e-16 4.58050419e-16]
  relative_errors: [7.37959243e-15 8.63688331e-15 6.75149772e-15 7.86285183e-15
 8.50706737e-15 9.10851547e-15 8.64284560e-15 8.65032560e-15
 9.89333744e-15 9.58048913e-15 7.69903269e-15 1.09910468e-14
 1.01344274e-14 9.57822428e-15 1.02499212e-14 9.26446967e-15
 9.89630915e-15 8.95318648e-15 8.32153979e-15 9.10703769e-15
 1.11537006e-14 9.73733834e-15 9.63382919e-15 1.08526959e-14
 9.26519868e-15 9.26355819e-15 7.85092727e-15 9.57792877e-15
 1.05391216e-14 1.10484051e-14 9.92101594e-15 9.27308352e-15
 7.85095475e-15 1.00544174e-14 1.08361638e-14 9.42055644e-15
 1.09992046e-14 1.03675924e-14 1.10204197e-14 1.05234218e-14
 7.06546221e-15 8.47851891e-15 8.79266999e-15 8.48084404e-15
 9.74927201e-15 8.79529276e-15 9.74755627e-15 9.73457327e-15
 8.47924085e-15 1.02198536e-14 1.02070709e-14 9.73728438e-15
 1.00674593e-14 1.06766368e-14 1.00665450e-14 1.02349783e-14
 8.64266855e-15 9.26355290e-15 9.42635837e-15 9.89187184e-15
 9.74328028e-15 1.03798042e-14 9.95431146e-15 9.57857179e-15
 1.06990100e-14 1.02992937e-14 9.49295540e-15 9.79013991e-15
 1.08375795e-14 1.06766703e-14 1.09347651e-14 1.13188777e-14
 1.08989786e-14 9.59732695e-15 8.80054304e-15 1.02335363e-14
 1.09074063e-14 1.06914761e-14 1.08362688e-14 1.05746025e-14
 1.00488971e-14 9.11255967e-15 7.86463884e-15 9.42179210e-15
 9.46877144e-15 1.02161797e-14 9.77745743e-15 9.48574968e-15
 9.10911533e-15 9.28269556e-15 8.47904135e-15 8.48693675e-15
 9.27803210e-15 3.90180644e-01 1.10499653e-14 1.06767540e-14
 9.02431012e-15 1.03752423e-14 1.02287609e-14 1.03640252e-14
 1.07061436e-14 9.96166542e-15 1.08036386e-14 1.05447450e-14
 9.50619779e-15 9.60459678e-15 1.04088240e-14 1.06921487e-14
 1.02544640e-14 1.03715627e-14 1.03682663e-14 9.92600498e-15
 8.16448486e-15 1.08409462e-14 1.09910128e-14 9.73538712e-15
 1.02199771e-14 1.02073973e-14 1.08859549e-14 9.73539912e-15
 8.48000000e-15 9.26847731e-15 1.06947097e-14 1.08340443e-14
 9.73814071e-15 1.09976814e-14 1.05374082e-14 9.57953185e-15
 7.85307774e-15 8.32178597e-15 6.75957277e-15 7.69491387e-15
 9.47230517e-15 8.63946290e-15 9.14579279e-15 8.47974382e-15
 1.02075288e-14 1.02075228e-14 8.79696981e-15 1.00544239e-14
 1.07068619e-14 1.00485920e-14 9.59615829e-15 1.02070673e-14
 8.95431873e-15 9.58129010e-15 8.17287593e-15 8.94956740e-15
 9.90058794e-15 9.57786273e-15 1.03772396e-14 1.06886094e-14
 9.73659961e-15 9.57761499e-15 7.53696290e-15 9.89188795e-15
 1.05505088e-14 1.00506894e-14 1.08408840e-14 1.08346376e-14
 7.85653440e-15 9.73580011e-15 1.00502256e-14 8.64801662e-15
 1.03709827e-14 9.42326736e-15 1.05585355e-14 9.26394080e-15
 7.22272651e-15 7.53644544e-15 8.33074237e-15 8.47981614e-15
 9.12234410e-15 8.47884917e-15 8.17373457e-15 8.63910466e-15
 7.85047477e-15 9.74069727e-15 9.26392723e-15 9.57757510e-15
 1.02178174e-14 1.02106305e-14 9.90174700e-15 1.11621527e-14
 8.79814716e-15 9.74007226e-15 8.79718187e-15 9.89163712e-15
 1.02122041e-14 1.05210689e-14 9.74184483e-15 1.00565818e-14
 1.11812401e-14 9.89406274e-15 8.95458290e-15 1.02089771e-14
 1.06820119e-14 1.03740946e-14 1.07675577e-14 1.05229074e-14
 1.00659991e-14 1.07346106e-14 8.95303927e-15 1.10463598e-14
 1.02391720e-14 9.75327711e-15 1.14625595e-14 1.00717861e-14
 1.03626890e-14 9.57851029e-15 8.63557524e-15 9.42065613e-15
 1.08622239e-14 1.05205569e-14 1.05325300e-14 1.00485947e-14
 1.00508840e-14 8.95020501e-15 9.26506606e-15 1.05208592e-14
 1.00651660e-14 1.11579826e-14 1.08926157e-14 1.08440818e-14
 9.30234435e-15 1.03631280e-14 1.00867408e-14 9.63621611e-15
 1.02184704e-14 1.07139344e-14 1.06532328e-14 9.93516129e-15
 9.15148499e-15 9.91593178e-15 1.02250727e-14 9.92156281e-15
 1.10984113e-14 1.15085007e-14 1.09908228e-14 1.11496687e-14
 8.16454762e-15 8.95570562e-15 9.44194952e-15 9.29042529e-15
 1.07038506e-14 1.06909243e-14 1.07369859e-14 3.90180644e-01
 7.70422542e-15 8.16502171e-15 1.03666515e-14 8.63861174e-15
 9.26805207e-15 1.03304448e-14 1.02239943e-14 1.00492444e-14
 9.27895837e-15 8.95526871e-15 7.07122542e-15 8.17029484e-15
 9.10668936e-15 1.03626112e-14 9.28216536e-15 8.95653877e-15
 1.05293274e-14 8.63737610e-15 9.26355361e-15 1.19451262e-14
 1.07020838e-14 1.11488788e-14 1.05198854e-14 1.02056041e-14
 1.05248745e-14 9.57798146e-15 9.26502400e-15 8.48565958e-15
 1.08350168e-14 1.09911115e-14 9.92325387e-15 9.91754486e-15
 9.89169428e-15 9.57880377e-15 9.42070572e-15 1.02152726e-14
 1.05568399e-14 1.13808048e-14 9.89323429e-15 9.26757943e-15
 9.42088264e-15 1.03647969e-14 1.11480971e-14 9.42192865e-15
 1.16257769e-14 1.19362079e-14 1.16359566e-14 1.05238964e-14
 8.00821069e-15 1.00512593e-14 1.03629151e-14 8.48381178e-15
 1.03801296e-14 9.11169058e-15 1.03722646e-14 1.03629393e-14
 1.03649650e-14 1.05309048e-14 1.08338165e-14 1.00498467e-14
 1.06768027e-14 1.09913487e-14 1.09937098e-14 1.11499125e-14
 9.59106372e-15 1.02060842e-14 1.09975971e-14 1.05201278e-14
 1.00747955e-14 1.06813854e-14 1.02061462e-14 1.02110291e-14
 1.06926480e-14 1.05279230e-14 9.74715763e-15 9.78706800e-15
 1.11559868e-14 1.03639155e-14 1.06279952e-14 1.06773823e-14
 1.04216956e-14 9.29567368e-15 1.00486737e-14 1.09111528e-14
 1.11884058e-14 1.00920481e-14 1.02136457e-14 1.08467352e-14
 9.12665743e-15 1.03841138e-14 8.79781153e-15 9.42064690e-15
 9.10708930e-15 9.93201067e-15 1.01068545e-14 1.00608506e-14
 1.00505736e-14 9.57924818e-15 8.80166577e-15 9.73479525e-15
 9.26521005e-15 3.90180644e-01 1.03913058e-14 1.03649085e-14
 1.02073311e-14 1.00493886e-14 1.08360368e-14 1.03627853e-14
 1.03713966e-14 9.89587616e-15 1.07478025e-14 1.11480127e-14
 9.42125196e-15 9.57793949e-15 1.13072447e-14 1.03648417e-14
 1.05196543e-14 1.09908623e-14 1.09906626e-14 1.02059978e-14
 1.00498397e-14 1.08376779e-14 1.13093850e-14 1.00486000e-14
 9.57782010e-15 9.89555467e-15 1.11938321e-14 1.00555045e-14
 9.73611992e-15 9.91610051e-15 1.25763979e-14 1.14619055e-14
 9.42351118e-15 1.10017839e-14 1.02080469e-14 9.57760459e-15
 9.73910103e-15 8.63737637e-15 8.01056953e-15 8.95002509e-15
 1.03642416e-14 9.26912288e-15 9.44710975e-15 9.73477074e-15
 1.08337600e-14 1.02056292e-14 1.00516397e-14 1.06833618e-14
 1.16526486e-14 1.00499373e-14 1.05197032e-14 1.14629806e-14
 1.08383823e-14 9.89431256e-15 8.79263804e-15 9.27559881e-15
 9.89177280e-15 1.05198089e-14 1.00500435e-14 1.09972922e-14
 1.06774750e-14 9.89399653e-15 9.42055618e-15 1.08389279e-14
 1.08575244e-14 1.06766344e-14 1.05242760e-14 1.11484189e-14
 9.10754074e-15 1.03633402e-14 1.06768595e-14 8.32214156e-15
 1.09912048e-14 1.00509562e-14 1.14696103e-14 1.02065762e-14
 7.85140203e-15 8.79251917e-15 9.27041741e-15 9.42142589e-15
 9.76479857e-15 9.11186406e-15 8.80518291e-15 9.57760262e-15
 9.73980877e-15 1.03704844e-14 1.05197616e-14 9.58847336e-15
 9.89547303e-15 1.05222928e-14 9.62083837e-15 1.18041459e-14
 9.11105534e-15 9.74628537e-15 9.73633895e-15 9.90743477e-15
 1.02326147e-14 1.02064375e-14 9.42354938e-15 1.06823182e-14
 1.17764472e-14 9.89350062e-15 9.27532958e-15 1.05262498e-14
 1.03627929e-14 1.03647470e-14 1.06766322e-14 1.08351293e-14
 1.00493068e-14 1.00636939e-14 9.58338683e-15 1.06848286e-14
 1.05241719e-14 9.43416028e-15 1.14624718e-14 1.06814928e-14
 1.16196710e-14 9.89704990e-15 9.89158443e-15 1.03633382e-14
 1.11478948e-14 1.05197573e-14 1.02471598e-14 1.06820671e-14
 1.03632868e-14 8.96510151e-15 1.05219349e-14 1.05317161e-14
 9.75771425e-15 1.08609017e-14 1.11520026e-14 1.05256704e-14
 9.28632724e-15 1.10016614e-14 1.10370434e-14 9.32578216e-15
 1.03131782e-14 1.06988223e-14 1.03010315e-14 1.02214657e-14
 1.00677404e-14 9.93384429e-15 1.02473067e-14 1.05201393e-14
 1.10828979e-14 1.14721206e-14 1.04060932e-14 1.05533339e-14
 9.12148918e-15 9.27416223e-15 1.03747970e-14 1.02082916e-14
 9.42284606e-15 1.03627722e-14 1.06802648e-14 3.90180644e-01
 8.95000327e-15 9.11654403e-15 9.74068295e-15 1.02078143e-14
 9.58498677e-15 1.12565884e-14 1.02166128e-14 1.03644978e-14]
